1.5604527 -5.0541487
1.0978055 2.9287767
-5.8869066 -0.48516607
-2.9879112 6.981658
-8.874864 9.039013
-0.4571011 0.604434
3.7482653 -3.141378
2.3266306 0.9630852
1.9009593 -1.3138237
-7.659595 3.8683429
9.016073 4.595112
3.1452117 1.1677265
0.23703289 -1.4279703
-1.4588656 2.2464194
11.321191 0.2818365
-10.5121 0.8308426
-1.7346284 -6.2925067
-1.0032735 -1.3094063
-6.8057404 11.075096
0.41341877 -0.9432019
0.0583328 3.2075543
-1.2409732 -0.40622807
-0.21225691 -3.8168983
7.4093485 5.4085126
5.015053 3.4714508
0.9175825 -2.5409184
12.377548 7.374195
19.170303 15.937481
-1.8506751 12.1257
-5.439101 7.8071156
-1.2654943 1.86832
4.4221992 13.853999
12.84524 -0.824162
-0.119877815 -10.945774
1.6089888 0.6333022
6.488131 2.5367148
0.76976806 21.928846
-4.4433575 -1.6964226
-2.6359153 -1.0077257
5.102044 15.561634
-1.177188 -2.4156818
-1.6606549 -1.0306416
-0.27205944 -3.5795379
1.4303608 -0.91546416
0.7936653 -1.386024
0.28252006 -1.2411613
-4.7313995 -11.272444
-5.927688 -4.931066
-2.6342053 -0.23452997
1.5797167 -1.7710936
27.568386 2.5156062
0.9775448 2.7963417
-2.3699179 0.1641283
-11.515039 -0.7567959
1.3009267 -0.66305923
-1.6444273 7.6621914
1.3949039 2.4852197
-10.587457 -9.811198
-7.497222 -8.037704
