32299157
32298645
32298525
32298458
32298385
32298273
32298251
32298250
32298249
32298247
32298246
32298245
32298228
32298227
32298029
32297868
32297723
32297722
32297593
32297490
32296777
32296735
32296570
32296257
32295896
32295793
32295769
32295762
32295761
32295319
32295237
32295188
32295153
32294763
32294756
32294718
32294713
32294704
32294689
32294673
32294667
32294611
32294574
32294562
32294518
32294511
32294504
32294503
32294495
32294485
32294477
32294454
32294052
32294051
32293690
32293582
32293580
32293518
32293511
32293449
32293214
32293020
32293018
32292919
32292917
32292916
32292915
32292914
32292911
32292909
32292908
32292907
32292906
32292905
32292904
32292903
32292902
32292901
32292900
32292899
32292898
32292897
32292883
32292880
32292871
32292869
32292868
32292867
32292866
32292865
32292848
32292847
32292846
32292843
32292842
32292841
32292839
32292838
32292837
32292826
